10/04/2013 19:03:42 1 0 157.00 90 0
10/04/2013 19:03:55 1 0 157.00 90 0
16/04/2013 18:19:21 5 0 157.00 91 0
19/04/2013 5:35:47 PM 4 0 157.00 91 3.6428571428571428571428571429
23/04/2013 5:55:38 PM 4 0 157.00 91 6.7142857142857142857142857143
2/05/2013 11:46:03 AM 6 4 158.00 93 11.071428571428571428571428571
9/05/2013 10:00:38 AM 6 5 159.50 94 15.785714285714285714285714284
10/05/2013 2:57:10 PM 4 7 192.50 100 16.142857142857142857142857141
15/05/2013 12:08:14 PM 5 8 148.50 100 17.928571428571428571428571427
16/05/2013 18:57:59 5 10 162.60 106 32.071428571428571428571428570
17/05/2013 16:48:18 5 10 162.60 106 19.321428571428571428571428571
03/06/2013 18:08:07 5 14 163.10 107 26.571428571428571428571428571
18/06/2013 18:06:46 11 23 163.30 107 44.178571428571428571428571430
18/06/2013 19:04:30,12,23,163.30,107,44.61
18/06/2013 00:00:00,12,23,163.30,107,44.61
18/06/2013 00:00:00,12,23,163.30,107,44.61
18/06/2013 00:00:00,12,23,163.30,107,44.61,34.95,32.47
20/06/2013 00:00:00,14,25,163.80,110,53.82,35.95,32.61
20/06/2013 00:00:00,15,27,165.10,113,55.54,37.75,33.90
20/06/2013 00:00:00,15,27,165.10,113,56.25,37.75,34.11
24/06/2013 00:00:00,19,28,165.10,113,62.19,39.25,35.33
27/06/2013 00:00:00,15,31,166.60,115,64.12,43.25,37.32
01/07/2013 00:00:00,19,32,168.60,118,73.81,44.25,40.60
02/07/2013 00:00:00,15,40,169.10,119,74.18,49.00,42.89
10/07/2013 00:00:00,11,56,172.10,123,93.01,61.00,52.66
17/07/2013 00:00:00,13,57,176.60,130,103.09,58.50,48.07
